-0.157988    0.312687    1.053353    1559382938239051625 
-0.145717    0.305711    1.855400    1559382938300327791 
-0.133446    0.307619    2.864745    1559382938359833970 
-0.113506    0.610223    4.065471    1559382938420346901 
-0.092032    0.611485    5.438640    1559382938480470752 
-0.069024    0.306687    6.962598    1559382938541322307 
-0.044482    0.311911    8.613311    1559382938601636296 
-0.018406    0.613606    10.364745    1559382938661795168 
0.010737    0.306827    12.189280    1559382938725003938 
0.038347    0.306429    14.058142    1559382938786162240 
0.064422    0.307910    15.941858    1559382938847025393 
0.092032    0.306032    17.810720    1559382938908547426 
0.122709    0.304911    19.635255    1559382938968758943 
0.153387    0.609420    21.386689    1559382939029747012 
0.184064    0.303614    23.037402    1559382939091883497 
0.205538    0.236140    24.561360    1559382939152357940 
0.231614    0.307271    25.934529    1559382939213605440 
0.253088    0.307782    27.135255    1559382939274124189 
0.273028    0.315316    28.144600    1559382939334409761 
0.289901    0.301722    28.946647    1559382939395405968 
0.302172    0.484820    29.528747    1559382939456397656 
0.309841    0.308459    29.881721    1559382939517682522 
0.312909    -0.308271    30.000000    1559382939578024352 
0.314443    0.000000    29.881721    1559382939639388948 
0.314443    0.000000    29.528747    1559382939702061400 
0.311375    0.000000    28.946647    1559382939762912129 
0.305240    0.000000    28.144600    1559382939824657324 
0.292969    -0.305007    27.135255    1559382939884996064 
0.273028    -0.310731    25.934529    1559382939946491326 
0.251554    -0.308042    24.561360    1559382940008127993 
0.228546    -0.307651    23.037402    1559382940068710843 
0.204004    -0.308645    21.386689    1559382940129902332 
0.174861    -0.308611    19.635255    1559382940191232457 
0.145717    -0.763505    17.810720    1559382940252426050 
0.116574    -0.616803    15.941858    1559382940312803380 
0.087430    -0.617291    14.058142    1559382940373911480 
0.056753    -0.612485    12.189280    1559382940434282336 
0.026076    -0.307730    10.364745    1559382940496513087 
-0.001534    -0.610817    8.613311    1559382940557704939 
-0.024542    -0.305305    6.962598    1559382940617865865 
-0.052152    -0.522215    5.438640    1559382940678675329 
-0.078227    -0.255891    4.065471    1559382940739885305 
-0.098168    -0.306635    2.864745    1559382940800955264 
-0.116574    -0.190743    1.855400    1559382940862425109 
-0.136514    0.000000    1.053353    1559382940923269374 
-0.148785    0.000000    0.471253    1559382940984087949 
-0.156455    0.000000    0.118279    1559382941045175921 
-0.159522    0.307315    0.000000    1559382941107326125 
-0.161056    0.306806    0.118279    1559382941168029705 
-0.161056    0.000000    0.471253    1559382941228208841 
-0.154921    0.262096    1.053353    1559382941289683542 
-0.144184    0.294098    1.855400    1559382941350166290 
-0.128845    0.306950    2.864745    1559382941410699751 
-0.111972    0.000000    4.065471    1559382941471286981 
-0.090498    0.308700    5.438640    1559382941530864766 
-0.070558    0.190431    6.962598    1559382941592255958 
-0.041414    0.353694    8.613311    1559382941653723440 
-0.015339    0.487193    10.364745    1559382941715020177 
0.009203    0.000000    12.189280    1559382941777384897 
0.036813    0.300815    14.058142    1559382941838164151 
0.061355    0.525998    15.941858    1559382941898079487 
0.092032    0.421352    17.810720    1559382941959897663 
0.125777    0.475277    19.635255    1559382942020835782 
0.154921    0.838905    21.386689    1559382942080883639 
0.184064    0.498043    23.037402    1559382942142540842 
0.207072    0.191800    24.561360    1559382942201957098 
0.228546    0.194667    25.934529    1559382942262418342 
0.254622    0.305591    27.135255    1559382942323904517 
0.274562    0.000000    28.144600    1559382942386190219 
0.289901    0.307117    28.946647    1559382942446857924 
0.302172    0.309575    29.528747    1559382942507403299 
0.309841    0.000000    29.881721    1559382942570061453 
0.314443    0.000000    30.000000    1559382942630854703 
0.315977    0.000000    29.881721    1559382942691656453 
0.315977    -0.256993    29.528747    1559382942753580176 
0.312909    0.000000    28.946647    1559382942814051549 
0.305240    -0.273514    28.144600    1559382942874068226 
0.292969    -0.307657    27.135255    1559382942934254362 
0.274562    -0.310687    25.934529    1559382942995167571 
0.253088    -0.304888    24.561360    1559382943055571171 
0.228546    -0.307090    23.037402    1559382943118499429 
0.204004    -0.256347    21.386689    1559382943178872663 
0.177929    -0.382842    19.635255    1559382943238690926 
0.148785    -0.304277    17.810720    1559382943298303368 
0.119642    -0.256569    15.941858    1559382943360683758 
0.085897    -0.620196    14.058142    1559382943422835273 
0.058287    -0.308774    12.189280    1559382943483466757 
0.030677    -0.311080    10.364745    1559382943544482984 
0.004602    -0.303630    8.613311    1559382943605426682 
-0.023008    -0.616757    6.962598    1559382943665609255 
-0.049084    -0.374160    5.438640    1559382943726397376 
-0.075160    -0.239892    4.065471    1559382943786968482 
-0.096634    -0.294236    2.864745    1559382943847670074 
-0.116574    -0.218608    1.855400    1559382943909555332 
-0.133446    -0.193757    1.053353    1559382943970098697 
-0.147251    -0.249564    0.471253    1559382944030617885 
-0.156455    -0.317921    0.118279    1559382944090794705 
-0.159522    0.000000    0.000000    1559382944150962818 
-0.161056    0.249867    0.118279    1559382944211063516 
-0.161056    0.000000    0.471253    1559382944271743163 
-0.154921    0.262694    1.053353    1559382944332539500 
-0.144184    0.385039    1.855400    1559382944393411563 
-0.128845    0.358930    2.864745    1559382944454318061 
-0.111972    0.357937    4.065471    1559382944514507568 
-0.090498    0.656623    5.438640    1559382944575988431 
-0.067490    0.721012    6.962598    1559382944636772365 
-0.042948    0.568232    8.613311    1559382944697266570 
-0.016873    0.272106    10.364745    1559382944758545793 
0.012271    0.903685    12.189280    1559382944819352645 
0.036813    1.003516    14.058142    1559382944879360036 
0.062889    0.285149    15.941858    1559382944940261781 
0.095100    0.290200    17.810720    1559382945001128474 
0.127311    0.517669    19.635255    1559382945062120970 
0.157988    0.965334    21.386689    1559382945122565160 
0.182530    0.259731    23.037402    1559382945184916180 
0.210140    0.302551    24.561360    1559382945245578076 
0.233148    0.467727    25.934529    1559382945306409855 
0.254622    0.380681    27.135255    1559382945367172983 
0.276096    0.387490    28.144600    1559382945428284118 
0.289901    0.398492    28.946647    1559382945489987169 
0.302172    0.000000    29.528747    1559382945550172358 
0.311375    0.348989    29.881721    1559382945610628878 
0.315977    0.000000    30.000000    1559382945671273534 
0.317511    0.000000    29.881721    1559382945733055764 
0.317511    0.000000    29.528747    1559382945793893309 
0.314443    0.000000    28.946647    1559382945854883494 
0.306774    0.000000    28.144600    1559382945915906618 
0.294503    -0.328894    27.135255    1559382945976747949 
0.273028    -0.308273    25.934529    1559382946038777268 
0.251554    -0.617811    24.561360    1559382946099371969 
0.228546    -0.308781    23.037402    1559382946159640595 
0.204004    -0.309120    21.386689    1559382946220934462 
0.176395    -0.511764    19.635255    1559382946281604529 
0.148785    0.000000    17.810720    1559382946342034459 
0.122709    -0.183749    15.941858    1559382946402768278 
0.090498    -0.530531    14.058142    1559382946462785224 
0.059821    -0.689536    12.189280    1559382946523274846 
0.030677    -0.322803    10.364745    1559382946584768329 
0.001534    -0.541255    8.613311    1559382946645879542 
-0.023008    -0.253406    6.962598    1559382946707061084 
-0.050618    -0.784877    5.438640    1559382946768776811 
-0.076693    -0.305690    4.065471    1559382946828646767 
-0.098168    -0.354216    2.864745    1559382946889322909 
-0.118108    -0.614112    1.855400    1559382946950754269 
-0.134980    -0.309458    1.053353    1559382947010986031 
-0.147251    -0.312270    0.471253    1559382947072699956 
-0.154921    0.000000    0.118279    1559382947132723409 
-0.161056    -0.309085    0.000000    1559382947192530962 
-0.161056    0.000000    0.118279    1559382947253512548 
-0.159522    0.305227    0.471253    1559382947313938150 
-0.154921    0.307763    1.053353    1559382947374254971 
-0.144184    0.000000    1.855400    1559382947435002891 
-0.128845    0.311917    2.864745    1559382947494847431 
-0.110438    0.307938    4.065471    1559382947555487718 
-0.090498    0.277206    5.438640    1559382947616072874 
-0.067490    0.305828    6.962598    1559382947676276463 
-0.042948    0.308762    8.613311    1559382947735787960 
-0.015339    0.606315    10.364745    1559382947797125406 
0.010737    0.609525    12.189280    1559382947857987553 
0.035279    0.305616    14.058142    1559382947917898772 
0.065956    0.765706    15.941858    1559382947978229074 
0.095100    0.256765    17.810720    1559382948039118844 
0.127311    0.617955    19.635255    1559382948100169997 
0.156455    0.308400    21.386689    1559382948161098890 
0.184064    0.308637    23.037402    1559382948222064189 
0.211674    0.618211    24.561360    1559382948283204869 
0.233148    0.306836    25.934529    1559382948343701539 
0.254622    0.000000    27.135255    1559382948404606896 
0.274562    0.228323    28.144600    1559382948464905141 
0.289901    0.193141    28.946647    1559382948525148777 
0.302172    0.000000    29.528747    1559382948585702111 
0.311375    0.188128    29.881721    1559382948645939236 
0.314443    0.000000    30.000000    1559382948707416530 
0.317511    0.000000    29.881721    1559382948767577672 
0.317511    0.305915    29.528747    1559382948828451522 
0.312909    0.000000    28.946647    1559382948889185946 
0.305240    -0.378848    28.144600    1559382948950458129 
0.294503    -0.256817    27.135255    1559382949010224599 
0.274562    -0.306625    25.934529    1559382949070500010 
0.251554    -0.609994    24.561360    1559382949129981915 
0.228546    -0.615464    23.037402    1559382949189316589 
0.204004    -0.315512    21.386689    1559382949249738661 
0.176395    -0.624856    19.635255    1559382949309832330 
0.148785    -0.307565    17.810720    1559382949369832939 
0.119642    -0.308919    15.941858    1559382949430904696 
0.088964    -0.618488    14.058142    1559382949491379699 
0.058287    -0.514080    12.189280    1559382949551708338 
0.029143    -0.254925    10.364745    1559382949611984058 
0.004602    -0.311295    8.613311    1559382949672834219 
-0.023008    -0.608603    6.962598    1559382949733785652 
-0.052152    -0.612512    5.438640    1559382949795275870 
-0.076693    -0.605768    4.065471    1559382949857528041 
-0.098168    -0.307048    2.864745    1559382949918649799 
-0.118108    -0.310418    1.855400    1559382949979201727 
-0.136514    -0.354631    1.053353    1559382950039788276 
-0.147251    0.000000    0.471253    1559382950100487325 
-0.156455    0.000000    0.118279    1559382950160484966 
-0.161056    0.000000    0.000000    1559382950220872119 
-0.161056    0.307946    0.118279    1559382950281682596 
-0.161056    0.000000    0.471253    1559382950343143159 
-0.156455    0.000000    1.053353    1559382950403916766 
-0.144184    0.000000    1.855400    1559382950464151868 
-0.128845    0.306560    2.864745    1559382950525281566 
-0.110438    0.303076    4.065471    1559382950586146125 
-0.090498    0.304333    5.438640    1559382950646739029 
-0.067490    0.301766    6.962598    1559382950706721102 
-0.041414    0.599939    8.613311    1559382950766353244 
-0.015339    0.621387    10.364745    1559382950827038466 
0.010737    0.378996    12.189280    1559382950888202849 
0.036813    0.254607    14.058142    1559382950949094305 
0.062889    0.259057    15.941858    1559382951008802614 
0.095100    0.311608    17.810720    1559382951070059929 
0.127311    0.299969    19.635255    1559382951130564675 
0.157988    0.612891    21.386689    1559382951191519906 
0.185598    0.612806    23.037402    1559382951252849165 
0.208606    0.311284    24.561360    1559382951313634313 
0.234682    0.384002    25.934529    1559382951374560620 
0.254622    0.388806    27.135255    1559382951434749656 
0.276096    0.305472    28.144600    1559382951495783851 
0.291435    0.307866    28.946647    1559382951556439193 
0.302172    0.000000    29.528747    1559382951616763262 
0.311375    0.308073    29.881721    1559382951679453855 
0.315977    0.305040    30.000000    1559382951739986175 
0.317511    0.000000    29.881721    1559382951802235839 
0.317511    0.368273    29.528747    1559382951863292439 
0.312909    -0.307916    28.946647    1559382951924199941 
0.305240    -0.311327    28.144600    1559382951985269762 
0.292969    -0.305321    27.135255    1559382952045547732 
0.274562    -0.307536    25.934529    1559382952106963110 
0.253088    -0.308100    24.561360    1559382952166833633 
0.230080    -0.307175    23.037402    1559382952227846027 
0.202471    -0.303440    21.386689    1559382952289187845 
0.174861    -0.625102    19.635255    1559382952349956269 
0.147251    -0.267251    17.810720    1559382952410258495 
0.121176    -0.336777    15.941858    1559382952470304833 
0.088964    -0.307522    14.058142    1559382952531364249 
0.058287    -0.668026    12.189280    1559382952593326376 
0.029143    -0.310585    10.364745    1559382952654035696 
0.001534    -0.306015    8.613311    1559382952715497816 
-0.024542    -0.613617    6.962598    1559382952775919566 
-0.050618    -0.310646    5.438640    1559382952836863237 
-0.076693    -0.307524    4.065471    1559382952898226342 
-0.096634    -0.391105    2.864745    1559382952958600208 
-0.116574    -0.300388    1.855400    1559382953018528241 
-0.134980    -0.309100    1.053353    1559382953078959739 
-0.147251    -0.307201    0.471253    1559382953139185546 
-0.156455    -0.307208    0.118279    1559382953200001866 
-0.159522    0.000000    0.000000    1559382953260614084 
-0.162590    -0.256682    0.118279    1559382953322426812 
-0.159522    0.296460    0.471253    1559382953383406323 
-0.154921    0.384900    1.053353    1559382953444109973 
-0.144184    0.302664    1.855400    1559382953504808619 
-0.128845    0.307606    2.864745    1559382953565868206 
-0.111972    0.386253    4.065471    1559382953626480435 
-0.090498    0.555054    5.438640    1559382953687955767 
-0.067490    0.296557    6.962598    1559382953747675499 
-0.042948    0.597223    8.613311    1559382953807941107 
-0.015339    0.306671    10.364745    1559382953869816150 
0.009203    0.172847    12.189280    1559382953930381838 
0.036813    0.364234    14.058142    1559382953992140523 
0.064422    0.319429    15.941858    1559382954052781608 
0.093566    0.478440    17.810720    1559382954114239252 
0.127311    0.576237    19.635255    1559382954175039189 
0.151853    0.190894    21.386689    1559382954235870063 
0.184064    0.820800    23.037402    1559382954296848622 
0.210140    1.019832    24.561360    1559382954356915387 
0.233148    0.591593    25.934529    1559382954417323581 
0.254622    0.268183    27.135255    1559382954477738691 
0.273028    0.191733    28.144600    1559382954538242182 
0.291435    0.322068    28.946647    1559382954599755536 
0.302172    0.000000    29.528747    1559382954660745114 
0.311375    0.520048    29.881721    1559382954721992703 
0.315977    0.000000    30.000000    1559382954784452051 
0.317511    0.000000    29.881721    1559382954845908319 
0.317511    0.000000    29.528747    1559382954906511617 
0.314443    0.000000    28.946647    1559382954968288864 
0.306774    -0.187954    28.144600    1559382955029084492 
0.294503    0.000000    27.135255    1559382955090554818 
0.276096    -0.191226    25.934529    1559382955150450549 
0.254622    0.000000    24.561360    1559382955210729085 
0.230080    -0.277995    23.037402    1559382955271729179 
0.204004    -0.342494    21.386689    1559382955332849941 
0.176395    -0.672980    19.635255    1559382955394481397 
0.150319    -0.468048    17.810720    1559382955455061678 
0.119642    -0.395445    15.941858    1559382955514776311 
0.088964    -0.613401    14.058142    1559382955574801336 
0.058287    -0.311505    12.189280    1559382955635938073 
0.029143    -0.308902    10.364745    1559382955696341784 
0.003068    -0.387079    8.613311    1559382955757614834 
-0.023008    -0.775879    6.962598    1559382955817810105 
-0.047550    -0.307494    5.438640    1559382955877484403 
-0.075160    -0.305158    4.065471    1559382955937657470 
-0.098168    -0.306363    2.864745    1559382955997837050 
-0.118108    -0.309016    1.855400    1559382956058615334 
-0.134980    0.000000    1.053353    1559382956119139612 
-0.147251    0.000000    0.471253    1559382956178939528 
-0.156455    0.000000    0.118279    1559382956239525946 
-0.159522    0.000000    0.000000    1559382956299503570 
-0.161056    0.306419    0.118279    1559382956359853209 
-0.161056    0.000000    0.471253    1559382956422248683 
-0.154921    0.307347    1.053353    1559382956482739930 
-0.144184    0.000000    1.855400    1559382956543819018 
-0.128845    0.306348    2.864745    1559382956604420198 
-0.110438    0.306358    4.065471    1559382956664780118 
-0.088964    0.307933    5.438640    1559382956725531995 
-0.067490    0.308601    6.962598    1559382956787021286 
-0.041414    0.311803    8.613311    1559382956847889505 
-0.015339    0.610972    10.364745    1559382956908517641 
0.010737    0.308571    12.189280    1559382956968485992 
0.036813    0.317976    14.058142    1559382957028398831 
0.061355    0.368452    15.941858    1559382957089022721 
0.093566    0.263950    17.810720    1559382957148927245 
0.127311    0.311790    19.635255    1559382957210945570 
0.157988    0.612130    21.386689    1559382957270706602 
0.184064    0.308185    23.037402    1559382957331565540 
0.208606    0.283745    24.561360    1559382957392376505 
0.233148    0.277794    25.934529    1559382957452751277 
0.256156    0.242852    27.135255    1559382957514684466 
0.274562    0.226959    28.144600    1559382957573864990 
0.289901    0.000000    28.946647    1559382957633883714 
0.302172    0.000000    29.528747    1559382957694769053 
0.311375    0.000000    29.881721    1559382957756212510 
0.315977    0.000000    30.000000    1559382957817557164 
0.317511    0.000000    29.881721    1559382957877816507 
0.317511    0.000000    29.528747    1559382957937748577 
0.314443    0.000000    28.946647    1559382957997626700 
0.306774    0.000000    28.144600    1559382958058719574 
0.292969    -0.255001    27.135255    1559382958120938451 
0.274562    -0.307206    25.934529    1559382958181708909 
0.251554    -0.308098    24.561360    1559382958242761808 
0.228546    -0.749925    23.037402    1559382958304232463 
0.204004    -0.310668    21.386689    1559382958366144135 
0.177929    -0.313181    19.635255    1559382958426741970 
0.148785    0.000000    17.810720    1559382958487523645 
0.118108    -0.777048    15.941858    1559382958548939677 
0.088964    -0.609156    14.058142    1559382958610036591 
0.058287    -0.620196    12.189280    1559382958671716593 
0.030677    -0.286953    10.364745    1559382958732024840 
0.003068    -0.419064    8.613311    1559382958792403361 
-0.023008    -0.309348    6.962598    1559382958852694779 
-0.052152    -0.614391    5.438640    1559382958913874467 
-0.076693    -0.306677    4.065471    1559382958973703488 
-0.098168    -0.300790    2.864745    1559382959034540369 
-0.116574    -0.401324    1.855400    1559382959095759779 
-0.134980    0.000000    1.053353    1559382959156661272 
-0.147251    -0.280252    0.471253    1559382959216998821 
-0.154921    0.000000    0.118279    1559382959277918698 
-0.161056    0.000000    0.000000    1559382959338926604 
-0.161056    0.308305    0.118279    1559382959400643793 
-0.159522    0.310871    0.471253    1559382959461702160 
-0.156455    0.000000    1.053353    1559382959521310849 
-0.144184    0.254897    1.855400    1559382959581524835 
-0.130379    0.387012    2.864745    1559382959641375428 
-0.111972    0.000000    4.065471    1559382959702333209 
-0.090498    0.306534    5.438640    1559382959762808016 
-0.067490    0.000000    6.962598    1559382959822883773 
-0.041414    0.430805    8.613311    1559382959883900519 
-0.013805    0.661337    10.364745    1559382959944062783 
0.012271    0.611868    12.189280    1559382960005666114 
0.039881    0.618666    14.058142    1559382960067615104 
0.065956    0.622667    15.941858    1559382960128070941 
0.095100    0.241285    17.810720    1559382960190197839 
0.125777    0.380179    19.635255    1559382960250678741 
0.156455    0.760014    21.386689    1559382960311506599 
0.184064    0.302772    23.037402    1559382960372527725 
0.211674    0.612953    24.561360    1559382960432997990 
0.236216    0.611028    25.934529    1559382960493956178 
0.256156    0.313787    27.135255    1559382960553964583 
0.276096    0.610516    28.144600    1559382960613139508 
0.291435    0.000000    28.946647    1559382960673615508 
0.303706    0.309837    29.528747    1559382960733860093 
0.312909    0.308279    29.881721    1559382960795011194 
0.317511    0.285693    30.000000    1559382960855049204 
0.319045    0.334692    29.881721    1559382960916099650 
0.317511    0.000000    29.528747    1559382960975946565 
0.314443    0.000000    28.946647    1559382961037387653 
0.306774    0.000000    28.144600    1559382961098205184 
0.294503    0.000000    27.135255    1559382961158914786 
0.274562    -0.317565    25.934529    1559382961219230023 
0.254622    0.000000    24.561360    1559382961279945082 
0.228546    -0.293636    23.037402    1559382961341769607 
0.204004    -0.306234    21.386689    1559382961402916758 
0.177929    -0.307752    19.635255    1559382961464287764 
0.148785    -0.600171    17.810720    1559382961526526234 
0.118108    -0.614552    15.941858    1559382961587161094 
0.088964    -0.310069    14.058142    1559382961647390230 
0.058287    -0.548692    12.189280    1559382961708706906 
0.029143    -0.308890    10.364745    1559382961770481782 
0.000000    -0.786886    8.613311    1559382961830700441 
-0.024542    -0.616232    6.962598    1559382961891910000 
-0.050618    -0.601724    5.438640    1559382961952555728 
-0.076693    -0.411425    4.065471    1559382962013533145 
-0.098168    -0.305656    2.864745    1559382962074698618 
-0.115040    -0.303746    1.855400    1559382962134770182 
-0.133446    0.000000    1.053353    1559382962194620005 
-0.147251    -0.309473    0.471253    1559382962255759614 
-0.156455    -0.307362    0.118279    1559382962316230869 
-0.159522    0.000000    0.000000    1559382962377119875 
-0.161056    0.310539    0.118279    1559382962437353449 
-0.161056    0.000000    0.471253    1559382962497947498 
-0.154921    0.000000    1.053353    1559382962558156715 
-0.144184    0.000000    1.855400    1559382962620389257 
-0.128845    0.307986    2.864745    1559382962682300300 
-0.110438    0.309956    4.065471    1559382962742394401 
-0.088964    0.256401    5.438640    1559382962802702297 
-0.065956    0.307233    6.962598    1559382962863095983 
-0.041414    0.306259    8.613311    1559382962925484038 
-0.015339    0.306463    10.364745    1559382962986292393 
0.012271    0.306499    12.189280    1559382963046239164 
0.038347    0.307254    14.058142    1559382963106562708 
0.065956    0.621726    15.941858    1559382963167165603 
0.096634    0.616324    17.810720    1559382963229384346 
0.127311    0.306149    19.635255    1559382963288876826 
0.154921    0.934697    21.386689    1559382963350017075 
0.184064    0.310545    23.037402    1559382963409233358 
0.210140    0.305580    24.561360    1559382963470802002 
0.236216    0.614826    25.934529    1559382963531340573 
0.257690    0.615271    27.135255    1559382963591962062 
0.276096    0.000000    28.144600    1559382963653136678 
0.291435    0.307367    28.946647    1559382963713134700 
0.302172    0.000000    29.528747    1559382963773724098 
0.311375    0.000000    29.881721    1559382963835219562 
0.315977    -0.495940    30.000000    1559382963897159718 
0.317511    0.000000    29.881721    1559382963957822867 
0.317511    0.000000    29.528747    1559382964019068983 
0.314443    0.000000    28.946647    1559382964079385813 
0.306774    0.000000    28.144600    1559382964139708174 
0.294503    0.000000    27.135255    1559382964200286120 
0.273028    -0.629368    25.934529    1559382964261900354 
0.251554    -0.609945    24.561360    1559382964322393504 
0.228546    -0.612850    23.037402    1559382964384592211 
0.204004    -0.307368    21.386689    1559382964444968092 
0.174861    -0.616446    19.635255    1559382964506640207 
0.147251    -0.386899    17.810720    1559382964567755811 
0.119642    -0.586729    15.941858    1559382964627834880 
0.088964    -0.611648    14.058142    1559382964688508894 
0.059821    -0.307882    12.189280    1559382964749455427 
0.029143    -0.616077    10.364745    1559382964809797900 
0.003068    -0.307654    8.613311    1559382964869919898 
-0.021474    -0.301111    6.962598    1559382964930076492 
-0.049084    -0.610591    5.438640    1559382964991014447 
-0.076693    -0.302163    4.065471    1559382965052024243 
-0.098168    -0.305821    2.864745    1559382965112430902 
-0.118108    -0.615378    1.855400    1559382965173152796 
-0.134980    0.000000    1.053353    1559382965233772523 
-0.147251    0.000000    0.471253    1559382965294037272 
-0.154921    0.000000    0.118279    1559382965353863486 
-0.159522    0.000000    0.000000    1559382965413839658 
-0.161056    0.303103    0.118279    1559382965474518982 
-0.159522    0.327294    0.471253    1559382965535172451 
-0.153387    0.508909    1.053353    1559382965595883007 
-0.144184    0.306102    1.855400    1559382965657107770 
-0.128845    0.307893    2.864745    1559382965718257449 
-0.110438    0.310785    4.065471    1559382965779238655 
-0.090498    0.000000    5.438640    1559382965840602893 
-0.065956    0.306336    6.962598    1559382965901693699 
-0.039881    0.660449    8.613311    1559382965961895934 
-0.013805    0.305580    10.364745    1559382966021875430 
0.012271    0.308289    12.189280    1559382966083008291 
0.038347    0.443712    14.058142    1559382966144401703 
0.065956    0.606890    15.941858    1559382966206076330 
0.096634    0.306211    17.810720    1559382966267482583 
0.127311    0.309958    19.635255    1559382966327880363 
0.157988    1.074380    21.386689    1559382966388808217 
0.182530    0.257583    23.037402    1559382966449565824 
0.210140    0.523014    24.561360    1559382966510302062 
0.233148    0.431696    25.934529    1559382966570968162 
0.256156    0.271900    27.135255    1559382966631824622 
0.276096    0.255538    28.144600    1559382966693204780 
0.291435    0.000000    28.946647    1559382966754026671 
0.303706    0.357959    29.528747    1559382966814085599 
0.311375    0.000000    29.881721    1559382966875565740 
0.315977    0.000000    30.000000    1559382966936628722 
0.317511    0.000000    29.881721    1559382966997594696 
0.317511    0.000000    29.528747    1559382967059481045 
0.314443    0.000000    28.946647    1559382967121038074 
0.306774    -0.307446    28.144600    1559382967182576172 
0.292969    -0.306920    27.135255    1559382967243149558 
0.274562    -0.312538    25.934529    1559382967304218209 
0.254622    0.000000    24.561360    1559382967365944054 
0.231614    -0.312795    23.037402    1559382967427474063 
0.205538    -0.383494    21.386689    1559382967486968404 
0.179463    -0.307970    19.635255    1559382967546619971 
0.150319    -0.307149    17.810720    1559382967607374623 
0.121176    -0.613544    15.941858    1559382967667771122 
0.087430    -0.705320    14.058142    1559382967728112668 
0.059821    -0.375520    12.189280    1559382967788664525 
0.032211    -0.179429    10.364745    1559382967849266109 
0.004602    -0.269812    8.613311    1559382967909057578 
-0.021474    -0.750882    6.962598    1559382967969838035 
-0.049084    -0.549248    5.438640    1559382968031774293 
-0.075160    -0.292414    4.065471    1559382968092254906 
-0.098168    -0.836910    2.864745    1559382968153695955 
-0.118108    -0.610325    1.855400    1559382968214954326 
-0.134980    -0.306357    1.053353    1559382968275313722 
-0.147251    -0.308116    0.471253    1559382968335713576 
-0.154921    0.000000    0.118279    1559382968395818772 
-0.159522    0.297573    0.000000    1559382968457578541 
-0.161056    0.000000    0.118279    1559382968518565932 
-0.161056    0.000000    0.471253    1559382968578333912 
-0.154921    0.257408    1.053353    1559382968639758205 
-0.144184    0.000000    1.855400    1559382968700795642 
-0.130379    0.191588    2.864745    1559382968761638416 
-0.110438    0.287636    4.065471    1559382968822058183 
-0.090498    0.373733    5.438640    1559382968883173596 
-0.067490    0.255736    6.962598    1559382968944475762 
-0.041414    0.520914    8.613311    1559382969004987184 
-0.015339    0.524482    10.364745    1559382969064940955 
0.010737    0.000000    12.189280    1559382969125526577 
0.036813    0.311895    14.058142    1559382969185472622 
0.065956    0.385099    15.941858    1559382969246624610 
0.096634    0.620269    17.810720    1559382969307945727 
0.127311    0.253780    19.635255    1559382969368461196 
0.156455    0.384789    21.386689    1559382969428869311 
0.184064    0.311959    23.037402    1559382969490294669 
0.211674    0.307990    24.561360    1559382969551607265 
0.234682    0.311488    25.934529    1559382969612382714 
0.256156    0.305596    27.135255    1559382969673095700 
0.276096    0.305254    28.144600    1559382969733531918 
0.291435    0.306692    28.946647    1559382969794522154 
0.303706    0.000000    29.528747    1559382969855518882 
0.312909    0.385509    29.881721    1559382969916248423 
0.315977    0.000000    30.000000    1559382969976228655 
0.317511    0.000000    29.881721    1559382970036941794 
0.317511    0.000000    29.528747    1559382970096449818 
0.314443    0.000000    28.946647    1559382970157671160 
0.306774    0.000000    28.144600    1559382970218291254 
0.294503    -0.266273    27.135255    1559382970278968692 
0.276096    -0.378646    25.934529    1559382970339761566 
0.254622    -0.308239    24.561360    1559382970400619110 
0.230080    -0.318833    23.037402    1559382970461911550 
0.205538    -0.760698    21.386689    1559382970521569929 
0.177929    -0.304426    19.635255    1559382970581672037 
