data: "-876610,-966000,-202000,-150000,-900000,-340000,111100,-745610,-380000,-420000,-750000,430000,730000,000"
---
data: "-665610,-987000,-643000,-020000,-040000,-250000,111100,-115610,-971000,060000,-610000,230000,150000,0000"
---
data: "-626610,-187000,-262000,-900000,-120000,-650000,111100,-535610,-931000,820000,-210000,230000,-100000,000"
---
data: "-646610,-128000,-072000,-730000,-910000,-040000,111100,-705610,-761000,402000,-420000,920000,910000,0000"
---
data: "-816610,-318000,-892000,-510000,-910000,-660000,111100,-975610,-742000,001000,-100000,820000,740000,0000"
---
data: "-016610,-548000,-601000,-230000,-920000,-640000,111100,-914610,-531000,080000,-530000,820000,330000,0000"
---
data: "-476610,-108000,-831000,-400000,-740000,-740000,111100,-195610,-131000,-800000,-710000,240000,120000,000"
---
data: "-016610,-376000,-262000,-130000,-020000,-830000,111100,-764610,-131000,-210000,-900000,630000,030000,000"
---
data: "-836610,-528000,-072000,-310000,-110000,-840000,111100,-344610,-590000,-040000,-810000,440000,320000,000"
---
data: "-606610,-337000,-011000,-740000,-240000,-840000,111100,-955610,-172000,-020000,-210000,800000,520000,000"
---
data: "-686610,-967000,-642000,000000,-420000,-640000,111100,-325610,-132000,-480000,-200000,530000,040000,0000"
---
data: "-875610,-587000,-032000,-240000,-520000,-630000,111100,-325610,-341000,-821000,900000,060000,440000,0000"
---
data: "-475610,-107000,-282000,-020000,-310000,-450000,111100,-764610,-590000,-250000,100000,510000,220000,0000"
---
data: "-016610,-758000,-470000,-940000,-720000,-850000,111100,-764610,-132000,-250000,-810000,100000,740000,000"
---
data: "-225610,-127000,-891000,-630000,-500000,-830000,111100,-935610,-722000,-080000,-830000,310000,320000,000"
---
data: "-625610,-356000,-640000,-840000,-220000,-520000,111100,-365610,-190000,860000,-120000,530000,330000,0000"
---
data: "-496610,-127000,-071000,-020000,-330000,-750000,111100,-993610,-131000,020000,-630000,620000,220000,0000"
---
data: "-835610,-737000,-412000,-020000,-710000,-550000,111100,-995610,-571000,630000,-620000,230000,740000,0000"
---
data: "-456610,-986000,-452000,-240000,-530000,-170000,111100,-705610,-531000,080000,-810000,220000,820000,0000"
---
data: "-816610,-186000,-682000,-930000,-230000,-330000,111100,-594610,-781000,-880000,-200000,-900000,320000,00"
---
data: "-415610,-128000,-052000,-440000,-810000,-040000,111100,-306610,-590000,210000,-600000,220000,830000,0000"
---
data: "-076610,-967000,-012000,-220000,-610000,-440000,111100,-725610,-380000,-820000,-500000,910000,850000,000"
---
data: "-246610,-947000,-262000,-030000,-230000,-160000,111100,-174610,-951000,251000,-100000,100000,420000,0000"
---
data: "-606610,-318000,-032000,-030000,-500000,-450000,111100,-515610,-571000,-650000,-810000,510000,020000,000"
---
data: "-095610,-987000,-622000,-520000,-240000,-360000,111100,-954610,-302000,630000,-330000,720000,930000,0000"
---
data: "-666610,-397000,-223000,-310000,-910000,-430000,111100,-154610,-702000,250000,-010000,920000,530000,0000"
---
data: "-285610,-107000,-622000,-550000,-230000,-750000,111100,-784610,-361000,080000,-210000,910000,710000,0000"
---
data: "-206610,-717000,-873000,-320000,-130000,-430000,111100,-574610,-571000,000000,400000,320000,330000,00000"
---
data: "-036610,-547000,-014000,-830000,-700000,-240000,111100,-365610,-932000,861000,200000,220000,260000,00000"
---
data: "-816610,-108000,-222000,-320000,-510000,-640000,111100,-745610,-150000,610000,-620000,140000,720000,0000"
---
data: "-856610,-128000,-471000,-320000,-300000,-850000,111100,-994610,-361000,820000,-900000,510000,640000,0000"
---
data: "-626610,-527000,-814000,-020000,-730000,-750000,111100,-705610,-342000,-001000,300000,120000,050000,0000"
---
data: "-646610,-147000,-432000,-230000,-220000,-640000,111100,-365610,-970000,-860000,-030000,640000,340000,000"
---
data: "-265610,-357000,-491000,-130000,-400000,-840000,111100,-384610,-951000,-860000,-030000,200000,820000,000"
---
data: "-016610,-548000,-832000,-530000,-720000,-360000,111100,-135610,-151000,611000,-510000,910000,910000,0000"
---
data: "-075610,-128000,-680000,-420000,-220000,-040000,111100,-306610,-301000,-650000,-520000,120000,540000,000"
---
data: "-246610,-357000,-662000,-420000,-700000,-640000,111100,-726610,-361000,000000,-900000,100000,910000,0000"
---
data: "-626610,-586000,-813000,-220000,-500000,-140000,111100,-974610,-191000,-020000,-700000,410000,030000,000"
---
data: "-685610,-108000,-242000,-730000,-330000,-440000,111100,-115610,-512000,270000,300000,340000,810000,00000"
---
data: "-416610,-908000,-203000,-910000,-030000,-450000,111100,-915610,-722000,821000,-920000,430000,710000,0000"
---
data: "-265610,-908000,-092000,-030000,-320000,-950000,111100,-954610,-171000,801000,-120000,620000,340000,0000"
---
data: "-816610,-987000,-833000,-530000,-230000,-730000,111100,-974610,-361000,270000,-300000,720000,940000,0000"
---
data: "-206610,-948000,-491000,-130000,-020000,-840000,111100,-384610,-151000,690000,-700000,030000,040000,0000"
---
data: "-685610,-967000,-892000,-710000,-510000,-140000,111100,-535610,-702000,-840000,-550000,020000,830000,000"
---
data: "-495610,-337000,-602000,-830000,-820000,-350000,111100,-175610,-781000,610000,-230000,310000,020000,0000"
---
data: "-435610,-548000,-681000,-150000,-610000,-940000,111100,-115610,-132000,-210000,-240000,920000,250000,000"
---
data: "-686610,-908000,-872000,-030000,-010000,-730000,111100,-914610,-341000,-840000,-110000,400000,620000,000"
---
data: "-207610,-108000,-471000,-300000,-910000,-740000,111100,-915610,-591000,460000,-420000,820000,220000,0000"
---
data: "-435610,-738000,-892000,-160000,-620000,-550000,111100,-935610,-342000,-020000,-110000,620000,840000,000"
---
data: "-875610,-107000,-032000,-210000,100000,-230000,111100,-345610,-761000,400000,-910000,710000,240000,00000"
---
data: "-835610,-947000,-223000,-730000,-520000,-540000,111100,-174610,-702000,060000,-210000,720000,440000,0000"
---
data: "-437610,-718000,-221000,-800000,-050000,-430000,111100,-325610,-780000,611000,510000,620000,540000,00000"
---
data: "-475610,-737000,-851000,-030000,-930000,-540000,111100,-934610,-741000,000000,-540000,320000,030000,0000"
---
data: "-666610,-357000,-242000,-200000,-220000,-740000,111100,-705610,-361000,000000,-010000,220000,440000,0000"
---
data: "-606610,-567000,-032000,-110000,-710000,-370000,111100,-744610,-511000,610000,200000,430000,220000,00000"
---
data: "-036610,-508000,-431000,-840000,-710000,-050000,111100,-384610,-951000,880000,-740000,220000,550000,0000"
---
data: "-226610,-357000,-832000,-810000,-130000,-950000,111100,-765610,-721000,-020000,910000,430000,720000,0000"
---
data: "-855610,-377000,-013000,-510000,-900000,-640000,111100,-744610,-381000,060000,-410000,510000,220000,0000"
---
data: "-495610,-127000,-034000,-340000,-830000,-240000,111100,-995610,-132000,481000,310000,920000,430000,00000"
---
data: "-436610,-376000,-242000,-800000,-220000,-620000,111100,-384610,-911000,-820000,710000,010000,540000,0000"
---
data: "-075610,-737000,-891000,-160000,-130000,-360000,111100,-764610,-301000,-400000,-160000,-600000,710000,00"
---
data: "-225610,-128000,-014000,-130000,-400000,-930000,111100,-306610,-380000,210000,-910000,310000,150000,0000"
---
data: "-055610,-587000,-223000,-130000,-610000,-730000,111100,-535610,-971000,210000,-710000,320000,550000,0000"
---
data: "-016610,-188000,-871000,-030000,-320000,-040000,111100,-534610,-191000,610000,-410000,010000,130000,0000"
---
data: "-895610,-337000,-681000,-550000,-110000,-720000,111100,-154610,-991000,-250000,-700000,610000,160000,000"
---
data: "-286610,-108000,-681000,-510000,000000,-930000,111100,-574610,-912000,-440000,-020000,700000,430000,0000"
---
data: "-495610,-987000,-092000,-050000,-420000,-150000,111100,-955610,-511000,000000,-810000,900000,140000,0000"
---
data: "-206610,-547000,-492000,-020000,-420000,-840000,111100,-765610,-302000,040000,-120000,210000,720000,0000"
---
data: "-456610,-357000,-241000,-830000,-900000,-840000,111100,-764610,-951000,250000,-120000,110000,140000,0000"
---
data: "-816610,-377000,-492000,-640000,-440000,-350000,111100,-384610,-571000,800000,-600000,930000,720000,0000"
---
data: "-436610,-757000,-682000,-520000,-510000,-740000,111100,-994610,-971000,060000,-120000,400000,030000,0000"
---
data: "-455610,-928000,-051000,-030000,200000,-130000,111100,-514610,-151000,-610000,-110000,730000,-300000,000"
---
data: "-094610,-108000,-013000,-830000,-330000,-330000,111100,-325610,-911000,-040000,-120000,000000,440000,000"
---
data: "-607610,-108000,-072000,-340000,-830000,-340000,111100,-744610,-911000,-040000,-120000,820000,140000,000"
---
data: "-836610,-758000,-472000,-300000,-820000,-150000,111100,-705610,-341000,460000,000000,710000,270000,00000"
---
data: "-245610,-378000,-413000,-640000,-920000,-340000,111100,-705610,-951000,-231000,-210000,530000,040000,000"
---
data: "-075610,-318000,-832000,-120000,-220000,-360000,111100,-325610,-912000,210000,610000,720000,720000,00000"
---
data: "-227610,-587000,-892000,-140000,-120000,-550000,111100,-935610,-531000,690000,-010000,-300000,630000,000"
---
data: "-095610,-127000,-602000,-910000,-110000,-530000,111100,-384610,-531000,231000,-010000,630000,450000,0000"
---
data: "-896610,-148000,-642000,-420000,-900000,-250000,111100,-344610,-951000,421000,-320000,-500000,240000,000"
---
data: "-036610,-777000,-452000,-720000,-840000,-450000,111100,-994610,-112000,001000,410000,350000,640000,00000"
---
data: "-666610,-737000,-833000,-520000,-630000,-930000,111100,-345610,-381000,-860000,-720000,420000,920000,000"
---
data: "-266610,-797000,-873000,-520000,-510000,-830000,111100,-364610,-991000,000000,-920000,200000,220000,0000"
---
data: "-895610,-187000,-892000,-840000,-810000,-340000,111100,-384610,-170000,-060000,-800000,320000,920000,000"
---
data: "-436610,-377000,-244000,-520000,-320000,-620000,111100,-994610,-380000,-800000,-420000,930000,320000,000"
---
data: "-475610,-927000,-892000,-150000,-450000,-050000,111100,-195610,-991000,-801000,320000,700000,420000,0000"
---
data: "-646610,-167000,-603000,-110000,-110000,-440000,111100,-515610,-131000,020000,-240000,530000,350000,0000"
---
data: "-495610,-107000,-853000,-300000,-010000,-930000,111100,-994610,-741000,-630000,-610000,430000,530000,000"
---
data: "-816610,-527000,-871000,-620000,-300000,-740000,111100,-994610,-551000,-630000,100000,230000,010000,0000"
---
data: "-246610,-987000,-282000,-440000,-550000,-450000,111100,-593610,-971000,211000,-530000,430000,730000,0000"
---
data: "-836610,-548000,-453000,-520000,-430000,-160000,111100,-574610,-111000,230000,-520000,410000,830000,0000"
---
data: "-876610,-777000,-092000,-340000,-910000,-660000,111100,-764610,-911000,-440000,-040000,320000,100000,000"
---
data: "-285610,-987000,-013000,-720000,-320000,-070000,111100,-193610,-571000,840000,-400000,-500000,210000,000"
---
data: "-475610,-717000,-072000,-520000,-240000,-540000,111100,-134610,-572000,690000,-900000,340000,650000,0000"
---
data: "-036610,-587000,-604000,-920000,-030000,-140000,111100,-744610,-931000,-860000,-510000,600000,420000,000"
---
data: "-225610,-127000,-492000,-320000,-930000,-940000,111100,-554610,-571000,860000,010000,510000,270000,00000"
---
data: "-016610,-547000,-051000,-820000,-920000,-340000,111100,-764610,-722000,630000,200000,-600000,930000,0000"
---
data: "-686610,-928000,-682000,200000,-120000,-350000,111100,-705610,-172000,060000,-900000,800000,440000,00000"
---
data: "-625610,-907000,-492000,-400000,-930000,-330000,111100,-785610,-741000,001000,-500000,110000,120000,0000"
---
data: "-435610,-318000,-412000,-420000,-350000,-830000,111100,-554610,-512000,290000,100000,020000,040000,00000"
---
data: "-054610,-147000,-283000,-550000,-670000,-060000,111100,-134610,-552000,840000,-540000,940000,600000,0000"
---
data: "-856610,-797000,-661000,-610000,-810000,-250000,111100,-514610,-702000,-290000,-350000,960000,210000,000"
---
data: "-606610,-758000,-012000,-300000,-130000,-350000,111100,-115610,-780000,-210000,720000,910000,120000,0000"
---
data: "-494610,-567000,-432000,-620000,-960000,-350000,111100,-955610,-511000,-880000,-240000,030000,240000,000"
---
data: "-875610,-547000,-202000,410000,-900000,-360000,111100,-345610,-512000,-401000,-040000,020000,920000,0000"
---
data: "-626610,-966000,-814000,-510000,-520000,-650000,111100,-954610,-302000,610000,-030000,900000,610000,0000"
---
data: "-016610,-397000,-833000,-610000,-630000,-440000,111100,-974610,-721000,400000,-520000,030000,220000,0000"
---
data: "-685610,-927000,-072000,-050000,-930000,-930000,111100,-514610,-912000,061000,000000,130000,020000,00000"
---
data: "-436610,-507000,-472000,-010000,-220000,-330000,111100,-994610,-321000,421000,630000,810000,240000,00000"
---
data: "-205610,-127000,-431000,-450000,-960000,-760000,111100,-364610,-571000,-040000,-420000,040000,510000,000"
---
data: "-875610,-187000,-013000,-710000,-310000,-920000,111100,-744610,-971000,460000,200000,530000,530000,00000"
---
data: "-835610,-738000,-893000,-740000,-220000,-040000,111100,-194610,-990000,400000,-130000,510000,320000,0000"
---
data: "-075610,-318000,-261000,-800000,-010000,-060000,111100,-574610,-550000,480000,-600000,400000,700000,0000"
---
data: "-226610,-948000,-012000,-510000,400000,-750000,111100,-994610,-741000,060000,-730000,600000,330000,00000"
---
data: "-856610,-928000,-451000,-730000,-300000,-730000,111100,-746610,-132000,821000,-700000,220000,210000,0000"
---
data: "-016610,-927000,-071000,-550000,-600000,-520000,111100,-325610,-171000,821000,-810000,910000,530000,0000"
---
data: "-056610,-908000,-414000,-830000,-240000,-350000,111100,-705610,-951000,-821000,-820000,720000,940000,000"
---
data: "-665610,-508000,-852000,-820000,700000,-360000,111100,-515610,-380000,-041000,920000,600000,650000,00000"
---
data: "-625610,-777000,-031000,-410000,-440000,-230000,111100,-115610,-931000,270000,-340000,320000,730000,0000"
---
data: "-226610,-967000,-492000,-730000,-100000,-640000,111100,-115610,-780000,-270000,-200000,010000,920000,000"
---
data: "-626610,-777000,-470000,-640000,-720000,-830000,111100,-155610,-781000,-880000,-320000,040000,330000,000"
---
data: "-856610,-948000,-452000,-610000,-910000,-050000,111100,-765610,-531000,040000,-500000,810000,240000,0000"
---
data: "-075610,-568000,-680000,-750000,-030000,-940000,111100,-994610,-971000,-461000,-520000,030000,330000,000"
---
data: "-416610,-377000,-492000,-650000,-610000,-440000,111100,-763610,-722000,650000,-480000,130000,310000,0000"
---
data: "-815610,-107000,-472000,-530000,-310000,-740000,111100,-783610,-151000,-231000,-520000,250000,530000,000"
---
data: "-436610,-547000,-032000,-620000,-910000,-350000,111100,-706610,-381000,-420000,-200000,630000,630000,000"
---
data: "-285610,-737000,-242000,-150000,-540000,-460000,111100,-724610,-551000,-820000,-800000,810000,250000,000"
---
data: "-646610,-377000,-832000,-910000,-440000,-850000,111100,-534610,-591000,860000,-810000,430000,230000,0000"
---
data: "-245610,-546000,-282000,-800000,-140000,-650000,111100,-784610,-572000,-250000,-330000,410000,330000,000"
---
data: "-685610,-108000,-851000,-030000,-910000,-620000,111100,-955610,-360000,630000,-100000,620000,140000,0000"
---
data: "-626610,-777000,-072000,-700000,-800000,-250000,111100,-305610,-722000,610000,210000,920000,910000,00000"
---
data: "-646610,-927000,-661000,800000,-520000,-240000,111100,-114610,-971000,820000,320000,510000,330000,000000"
---
data: "-284610,-187000,-052000,-940000,200000,-830000,111100,-305610,-951000,-210000,910000,730000,530000,00000"
---
data: "-286610,-509000,-013000,-610000,-200000,-040000,111100,-994610,-931000,-210000,-220000,100000,400000,000"
---
data: "-245610,-377000,-261000,-030000,-900000,-050000,111100,-915610,-570000,690000,-660000,100000,220000,0000"
---
data: "-266610,-756000,-243000,-630000,-220000,-550000,111100,-154610,-701000,440000,-120000,740000,030000,0000"
---
data: "-266610,-928000,-473000,-230000,-320000,-450000,111100,-535610,-171000,000000,-710000,100000,630000,0000"
---
data: "-266610,-737000,-832000,-320000,-410000,-430000,111100,-115610,-170000,-440000,400000,430000,940000,0000"
---
data: "-835610,-548000,-242000,-920000,-430000,-750000,111100,-934610,-190000,-021000,200000,-200000,540000,000"
---
data: "-016610,-777000,-033000,-910000,-330000,-940000,111100,-764610,-990000,080000,000000,430000,030000,00000"
---
data: "-874610,-508000,-833000,-920000,-050000,-740000,111100,-155610,-171000,400000,210000,020000,220000,00000"
---
data: "-495610,-167000,-491000,-910000,-220000,-750000,111100,-384610,-781000,-210000,120000,130000,720000,0000"
---
data: "-685610,-397000,-682000,-120000,-150000,-140000,111100,-915610,-302000,250000,210000,800000,210000,00000"
---
data: "-494610,-928000,-891000,-320000,-630000,-930000,111100,-593610,-381000,-840000,200000,740000,630000,0000"
---
data: "-875610,-967000,-011000,-550000,-110000,-130000,111100,-364610,-171000,-400000,-320000,700000,260000,000"
---
data: "-055610,-737000,-282000,-620000,000000,-140000,111100,-745610,-511000,-880000,-900000,420000,810000,0000"
---
data: "-416610,-317000,-832000,-030000,-740000,-340000,111100,-974610,-511000,860000,-250000,340000,740000,0000"
---
data: "-625610,-797000,-852000,-660000,-130000,-250000,111100,-325610,-301000,-480000,-920000,310000,940000,000"
---
data: "-876610,-108000,-223000,-210000,-810000,-140000,111100,-155610,-341000,230000,-620000,440000,220000,0000"
---
data: "-416610,-317000,-243000,-040000,-720000,-730000,111100,-554610,-360000,-250000,-110000,320000,930000,000"
---
data: "-665610,-338000,-013000,-700000,-030000,-850000,111100,-384610,-701000,250000,100000,900000,020000,00000"
---
data: "-265610,-907000,-812000,-340000,-910000,-840000,111100,-114610,-701000,231000,-620000,820000,330000,0000"
---
data: "-625610,-376000,-641000,-510000,-900000,-940000,111100,-765610,-781000,840000,-010000,140000,520000,0000"
---
data: "-015610,-587000,-011000,-040000,400000,-150000,111100,-384610,-911000,-841000,-820000,830000,620000,0000"
---
data: "-266610,-187000,-873000,-800000,-110000,-630000,111100,-154610,-512000,-610000,-120000,630000,860000,000"
---
data: "-685610,-337000,-493000,-820000,-120000,-450000,111100,-993610,-381000,800000,230000,710000,210000,00000"
---
data: "-056610,-108000,-412000,-030000,-930000,-930000,111100,-594610,-531000,610000,-530000,240000,550000,0000"
---
data: "-606610,-718000,-413000,-800000,-210000,-540000,111100,-725610,-512000,-040000,610000,020000,460000,0000"
---
data: "-495610,-797000,-202000,-950000,-130000,-440000,111100,-915610,900000,-860000,-920000,840000,930000,0000"
---
data: "-206610,-568000,-412000,-830000,-910000,-340000,111100,-594610,-112000,-420000,-620000,500000,760000,000"
---
data: "-055610,-547000,-242000,-720000,-710000,-040000,111100,-154610,-970000,820000,000000,500000,820000,00000"
---
data: "-226610,-358000,-473000,-140000,-820000,-740000,111100,-994610,-781000,650000,-200000,140000,610000,0000"
---
data: "-626610,-567000,-412000,-730000,-720000,-530000,111100,-744610,-991000,-650000,-610000,030000,630000,000"
---
data: "-644610,-757000,-222000,-220000,-330000,-160000,111100,-573610,-341000,231000,-320000,220000,320000,0000"
---
data: "-245610,-127000,-012000,-520000,-430000,-650000,111100,-344610,-361000,-800000,-030000,410000,330000,000"
---
data: "-605610,-757000,-031000,-440000,-220000,-450000,111100,-745610,-151000,-420000,-150000,430000,030000,000"
---
data: "-207610,-739000,-202000,200000,-200000,-260000,111100,-725610,-590000,401000,510000,810000,430000,000000"
---
data: "-285610,-508000,-491000,300000,-520000,-430000,111100,-194610,-322000,-040000,100000,230000,250000,00000"
---
data: "-226610,-167000,-452000,-520000,-210000,-240000,111100,-974610,-322000,-800000,-900000,320000,140000,000"
---
data: "-265610,-586000,-071000,-930000,-220000,-040000,111100,-975610,-151000,630000,-810000,-600000,820000,000"
---
data: "-096610,-147000,-872000,-250000,000000,-630000,111100,-764610,-741000,211000,-170000,330000,330000,00000"
---
data: "-415610,-318000,-472000,-830000,-040000,-650000,111100,-764610,-171000,-670000,-900000,810000,930000,000"
---
data: "-285610,-548000,-681000,-400000,-500000,-440000,111100,-344610,-590000,421000,-900000,420000,130000,0000"
---
data: "-475610,-547000,-091000,-520000,-400000,-130000,111100,-154610,-341000,022000,-410000,720000,630000,0000"
---
data: "-056610,-508000,-451000,-420000,-820000,-930000,111100,-365610,-931000,-211000,-900000,220000,750000,000"
---
data: "-456610,-167000,-622000,-640000,-720000,-040000,111100,-135610,-951000,-800000,-620000,930000,310000,000"
---
data: "-435610,-947000,-053000,-710000,500000,-440000,111100,-955610,-970000,-251000,520000,440000,530000,00000"
---
data: "-835610,-717000,-891000,-950000,-930000,-560000,111100,-305610,-152000,-060000,-620000,800000,230000,000"
---
data: "-455610,-187000,-893000,400000,-020000,-420000,111100,-594610,-932000,800000,610000,420000,320000,000000"
---
data: "-435610,-718000,-413000,-930000,-130000,-240000,111100,-384610,-131000,-250000,-500000,220000,330000,000"
---
data: "-495610,-586000,-813000,400000,-520000,-930000,111100,-135610,-361000,651000,-020000,300000,530000,00000"
---
data: "-625610,-187000,-261000,-340000,-040000,-040000,111100,-116610,-571000,-040000,-130000,-210000,430000,00"
---
data: "-246610,-987000,-452000,-340000,-720000,-540000,111100,-194610,-112000,040000,-960000,920000,770000,0000"
---
data: "-417610,-317000,-643000,-250000,-320000,-350000,111100,-194610,-151000,631000,-910000,600000,330000,0000"
---
data: "-016610,-987000,-012000,-900000,-220000,-640000,111100,-154610,-702000,860000,210000,-310000,520000,0000"
---
data: "-495610,-547000,-491000,-420000,-510000,-340000,111100,-764610,-112000,860000,-300000,120000,510000,0000"
---
data: "-626610,-567000,-222000,410000,-320000,-750000,111100,-344610,-931000,-250000,-210000,010000,920000,0000"
---
data: "-017610,-548000,-490000,-950000,-920000,-440000,111100,-935610,-341000,270000,-240000,620000,010000,0000"
---
data: "-496610,-528000,-603000,-110000,-120000,-360000,111100,-935610,-571000,080000,-100000,310000,510000,0000"
---
data: "-417610,-377000,-223000,-930000,-240000,-850000,111100,-174610,-170000,861000,-820000,-200000,620000,000"
---
data: "-645610,-317000,-092000,-800000,-720000,-670000,111100,-134610,-321000,210000,110000,420000,730000,00000"
---
data: "-626610,-337000,-811000,-420000,-840000,-930000,111100,-345610,-340000,020000,-300000,520000,000000,0000"
---
data: "-226610,-127000,-432000,-010000,-700000,-640000,111100,-994610,-380000,630000,-010000,800000,630000,0000"
---
data: "-836610,-947000,-203000,-240000,-600000,-140000,111100,-305610,-151000,-420000,-520000,600000,930000,000"
---
data: "-094610,-947000,-662000,-530000,-240000,-050000,111100,-974610,-151000,-820000,-150000,310000,420000,000"
---
data: "-076610,-148000,-890000,-410000,-320000,-740000,111100,-784610,-552000,-210000,500000,-300000,150000,000"
---
data: "-475610,-587000,-642000,-840000,-910000,-130000,111100,-325610,-722000,420000,200000,240000,050000,00000"
---
data: "-076610,-318000,-872000,-550000,-330000,-640000,111100,-194610,-322000,250000,-940000,440000,820000,0000"
---
data: "-435610,-757000,-663000,-110000,-520000,-240000,111100,-135610,-912000,630000,-710000,000000,020000,0000"
---
data: "-416610,-987000,-414000,-620000,-410000,-630000,111100,-594610,-341000,-020000,910000,220000,630000,0000"
---
data: "-016610,-928000,-091000,-840000,-910000,-050000,111100,-345610,-341000,861000,-510000,320000,030000,0000"
---
data: "-436610,-758000,-891000,-400000,-720000,-150000,111100,-134610,-571000,611000,000000,620000,800000,00000"
---
data: "-416610,-146000,-073000,-500000,-620000,-440000,111100,-365610,-971000,-400000,510000,110000,920000,0000"
---
data: "-435610,-777000,-452000,-440000,-510000,-030000,111100,-344610,-591000,-800000,200000,030000,130000,0000"
---
data: "-266610,-147000,-013000,-320000,-460000,-640000,111100,-154610,-552000,001000,410000,810000,330000,00000"
---
data: "-495610,-947000,-452000,-240000,-640000,-340000,111100,-174610,-151000,-080000,-630000,120000,650000,000"
---
data: "-876610,-718000,-261000,-050000,-640000,-930000,111100,-594610,-952000,460000,-250000,430000,900000,0000"
---
data: "-245610,-377000,-222000,-610000,-020000,-440000,111100,-725610,-321000,-820000,100000,420000,150000,0000"
---
data: "-456610,-738000,-603000,-430000,-520000,-360000,111100,-535610,-191000,290000,-400000,220000,820000,0000"
---
data: "-626610,-907000,-813000,-430000,-320000,-230000,111100,-194610,-112000,-420000,-210000,210000,260000,000"
---
data: "-836610,-547000,-280000,-430000,-100000,-640000,111100,-574610,-991000,060000,-010000,830000,420000,0000"
---
data: "-476610,-128000,-281000,-510000,-930000,-650000,111100,-764610,-361000,230000,-510000,-610000,130000,000"
---
data: "-076610,-377000,-661000,-630000,-930000,-640000,111100,-784610,-760000,400000,-210000,920000,840000,0000"
---
data: "-206610,-377000,-453000,-710000,-430000,-330000,111100,-364610,-991000,-800000,810000,510000,660000,0000"
---
data: "-436610,-108000,-471000,-640000,-720000,-730000,111100,-574610,-741000,-630000,200000,620000,830000,0000"
---
data: "-436610,-167000,-683000,-810000,-030000,-260000,111100,-136610,-931000,860000,-410000,710000,020000,0000"
---
data: "-416610,-737000,-091000,-230000,-250000,-930000,111100,-764610,-361000,040000,-500000,520000,150000,0000"
---
data: "-095610,-907000,-032000,-030000,-330000,-840000,111100,-594610,-151000,420000,-640000,730000,040000,0000"
---
data: "-205610,-797000,-491000,-040000,-230000,-620000,111100,-344610,-550000,020000,-300000,-410000,560000,000"
---
data: "-686610,-318000,-872000,000000,-120000,-830000,111100,-115610,-112000,461000,-410000,-900000,220000,0000"
---
data: "-875610,-568000,-091000,-440000,-020000,-040000,111100,-935610,-571000,251000,-200000,530000,020000,0000"
---
data: "-016610,-908000,-033000,-500000,-620000,-050000,111100,-574610,-591000,-270000,-010000,910000,610000,000"
---
data: "-436610,-587000,-643000,-620000,-340000,-660000,111100,-135610,-302000,271000,-030000,500000,840000,0000"
---
data: "-816610,-376000,-204000,-730000,-710000,-060000,111100,-155610,-722000,440000,-320000,420000,630000,0000"
---
data: "-816610,-358000,-263000,-840000,-830000,-720000,111100,-365610,-912000,610000,-410000,920000,950000,0000"
---
data: "-246610,-317000,-603000,800000,-530000,-640000,111100,-765610,-912000,020000,-110000,210000,130000,00000"
---
data: "-475610,-967000,-413000,-360000,-420000,-350000,111100,-915610,-531000,611000,-530000,110000,050000,0000"
---
data: "-417610,-797000,-641000,-910000,-710000,-250000,111100,-704610,-991000,-800000,-430000,650000,140000,000"
---
data: "-035610,-947000,-662000,-520000,-910000,-960000,111100,-154610,-911000,651000,-230000,720000,220000,0000"
---
data: "-625610,-948000,-622000,-350000,-260000,-160000,111100,-745610,-361000,670000,-430000,440000,730000,0000"
---
data: "-017610,-337000,-202000,000000,-200000,-830000,111100,-384610,-361000,-020000,-110000,420000,510000,0000"
---
data: "-625610,-928000,-091000,-320000,-240000,-540000,111100,-134610,-951000,801000,-720000,410000,330000,0000"
---
data: "-607610,-907000,-242000,-410000,-600000,-650000,111100,-935610,-971000,-800000,700000,-010000,830000,000"
---
data: "-417610,-318000,-281000,-900000,-300000,-550000,111100,-364610,-911000,-630000,-110000,240000,630000,000"
---
data: "-606610,-166000,-202000,-820000,-620000,-340000,111100,-535610,-780000,060000,-120000,020000,430000,0000"
---
data: "-095610,-186000,-642000,-620000,-130000,-340000,111100,-784610,-780000,420000,-520000,510000,330000,0000"
---
data: "-816610,-108000,-890000,-030000,-410000,-150000,111100,-555610,-701000,840000,-420000,240000,740000,0000"
---
data: "-415610,-337000,-013000,-330000,-540000,-650000,111100,-364610,-702000,650000,-610000,720000,250000,0000"
---
data: "-055610,-167000,-432000,-020000,-330000,-540000,111100,-384610,-131000,800000,-510000,100000,120000,0000"
---
data: "-855610,-148000,-282000,-340000,-220000,-440000,111100,-745610,-380000,630000,-020000,330000,830000,0000"
---
data: "-855610,-928000,-224000,-630000,-900000,-450000,111100,-384610,-322000,630000,-030000,210000,730000,0000"
---
data: "-606610,-567000,-812000,-930000,000000,-730000,111100,-915610,-191000,250000,-440000,240000,040000,00000"
---
data: "-665610,-738000,-073000,-520000,-630000,-160000,111100,-515610,-761000,-630000,-330000,200000,650000,000"
---
data: "-206610,-967000,-283000,-730000,-710000,-840000,111100,-194610,-760000,610000,-110000,930000,720000,0000"
---
data: "-817610,-797000,-282000,-320000,-310000,-530000,111100,-704610,-112000,080000,-900000,030000,830000,0000"
---
data: "-646610,-108000,-641000,-340000,-120000,-540000,111100,-724610,-150000,-880000,-110000,040000,050000,000"
---
data: "-055610,-547000,-622000,-130000,-520000,-030000,111100,-383610,-190000,-210000,-810000,930000,910000,000"
---
data: "-835610,-737000,-072000,-510000,-220000,-620000,111100,-384610,-532000,480000,-410000,610000,130000,0000"
---
data: "-266610,-928000,-434000,-320000,-330000,-640000,111100,-575610,-322000,-230000,-810000,830000,630000,000"
---
data: "-435610,-738000,-871000,-430000,-630000,-740000,111100,-304610,-971000,021000,-130000,330000,810000,0000"
---
data: "-037610,-947000,-261000,-120000,-910000,-640000,111100,-745610,-551000,-021000,910000,510000,940000,0000"
---
data: "-645610,-358000,-282000,-140000,-120000,-730000,111100,-784610,-361000,840000,-020000,700000,730000,0000"
---
data: "-095610,-508000,-262000,-720000,-030000,-830000,111100,-994610,-171000,-020000,210000,210000,730000,0000"
---
data: "-855610,-547000,-833000,-720000,-220000,-730000,111100,-765610,-171000,400000,-130000,510000,920000,0000"
---
data: "-895610,-108000,-052000,-040000,-920000,-740000,111100,-154610,-512000,-040000,-410000,830000,220000,000"
---
data: "-816610,-528000,-092000,-130000,-510000,-260000,111100,-744610,-552000,-210000,-200000,610000,560000,000"
---
data: "-685610,-108000,-661000,-120000,-820000,-240000,111100,-765610,-721000,-210000,-810000,240000,340000,000"
---
data: "-056610,-318000,-602000,-320000,-510000,-460000,111100,-916610,-380000,840000,510000,330000,650000,00000"
---
data: "-286610,-187000,-602000,-820000,-630000,-850000,111100,-574610,-970000,060000,-030000,930000,010000,0000"
---
data: "-855610,-187000,-833000,-710000,-320000,-940000,111100,-114610,-190000,210000,100000,330000,440000,00000"
---
data: "-206610,-778000,-013000,-150000,-230000,-730000,111100,-134610,-532000,-021000,-130000,920000,940000,000"
---
data: "-475610,-337000,-282000,-210000,-500000,-340000,111100,-953610,-951000,690000,710000,030000,340000,00000"
---
data: "-606610,-108000,-202000,-930000,-530000,-740000,111100,-364610,-911000,-060000,700000,040000,810000,0000"
---
data: "-646610,-947000,-242000,-020000,-020000,-440000,111100,-705610,-991000,-400000,-700000,420000,940000,000"
---
data: "-606610,-317000,-072000,-320000,-710000,-830000,111100,-365610,-171000,650000,-300000,-700000,330000,000"
---
data: "-855610,-737000,-032000,-710000,-210000,-940000,111100,-725610,-971000,800000,-030000,120000,430000,0000"
---
data: "-205610,-796000,-224000,-540000,-420000,-320000,111100,-706610,-112000,631000,-350000,040000,930000,0000"
---
data: "-646610,-127000,-640000,-030000,100000,-140000,111100,-344610,-151000,860000,-150000,320000,740000,00000"
---
data: "-815610,-567000,-433000,-720000,-920000,-950000,111100,-384610,-191000,230000,-430000,620000,440000,0000"
---
data: "-625610,-757000,-662000,-120000,-340000,-930000,111100,-954610,-191000,230000,-400000,010000,250000,0000"
---
data: "-435610,-967000,-812000,-030000,-330000,-720000,111100,-154610,-761000,020000,-430000,820000,640000,0000"
---
data: "-416610,-776000,-242000,-710000,-940000,-640000,111100,-974610,-171000,-610000,-720000,710000,510000,000"
---
data: "-075610,-528000,-093000,-830000,-410000,-940000,111100,-705610,-341000,880000,-100000,810000,740000,0000"
---
data: "-855610,-567000,-472000,-620000,-710000,-150000,111100,-115610,-951000,-290000,-310000,110000,040000,000"
---
data: "-206610,-127000,-891000,-810000,-530000,-830000,111100,-724610,-321000,-210000,310000,110000,530000,0000"
---
data: "-684610,-317000,-432000,-040000,-520000,-450000,111100,-515610,-741000,-840000,-900000,640000,130000,000"
---
data: "-096610,-377000,-202000,-010000,-040000,-070000,111100,-705610,-972000,-250000,300000,520000,430000,0000"
---
data: "-436610,-947000,-473000,-750000,-830000,-740000,111100,-135610,-381000,400000,-830000,810000,520000,0000"
---
data: "-206610,-319000,-051000,-040000,-810000,-330000,111100,-955610,-341000,-020000,-640000,620000,750000,000"
---
data: "-246610,-586000,-491000,-440000,-720000,-470000,111100,-975610,-171000,-820000,-310000,820000,810000,000"
---
data: "-055610,-757000,-432000,-440000,-200000,-330000,111100,-194610,-321000,080000,-810000,240000,150000,0000"
---
data: "-225610,-167000,-282000,-420000,-700000,-450000,111100,-935610,-952000,401000,-600000,120000,440000,0000"
---
data: "-626610,-547000,-034000,-810000,-020000,-440000,111100,-724610,-721000,-401000,-720000,720000,250000,000"
---
data: "-095610,-187000,-032000,-220000,-810000,-740000,111100,-594610,-131000,-210000,-920000,310000,820000,000"
---
data: "-265610,-947000,-641000,-810000,-730000,-550000,111100,-593610,-911000,230000,-200000,310000,410000,0000"
---
data: "-606610,-907000,-241000,-350000,010000,-140000,111100,-934610,-111000,250000,-930000,410000,530000,00000"
---
data: "-686610,-737000,-892000,-600000,-220000,-040000,111100,-705610,-931000,230000,-220000,510000,210000,0000"
---
data: "-816610,-108000,-242000,-100000,-600000,-850000,111100,-594610,-512000,-820000,-410000,830000,900000,000"
---
data: "-606610,-167000,-202000,-210000,-810000,-340000,111100,-914610,-111000,-610000,910000,920000,830000,0000"
---
data: "-056610,-508000,-092000,-940000,-230000,-850000,111100,-764610,-381000,-630000,-710000,220000,530000,000"
---
data: "-056610,-507000,-221000,-920000,800000,-140000,111100,-325610,-912000,-840000,-910000,710000,830000,0000"
---
data: "-095610,-757000,-431000,-930000,-940000,-550000,111100,-994610,-171000,630000,-820000,420000,630000,0000"
---
data: "-075610,-777000,-681000,410000,-500000,-240000,111100,-134610,-131000,020000,-410000,600000,800000,00000"
---
data: "-606610,-337000,-491000,-140000,-140000,-950000,111100,-305610,-781000,210000,-220000,410000,220000,0000"
---
data: "-494610,-187000,-222000,-910000,-720000,-740000,111100,-955610,-992000,880000,-600000,010000,150000,0000"
---
data: "-856610,-548000,-642000,-150000,-340000,-750000,111100,-954610,-380000,860000,-630000,500000,250000,0000"
---
data: "-895610,-318000,-852000,-800000,-120000,-650000,111100,-705610,-951000,-800000,-700000,800000,810000,000"
---
data: "-015610,-927000,-202000,-140000,-330000,-540000,111100,-326610,-931000,080000,-420000,630000,040000,0000"
---
data: "-626610,-396000,-832000,-900000,-310000,-170000,111100,-116610,-571000,020000,-110000,530000,250000,0000"
---
data: "-246610,-738000,-492000,-520000,-510000,-140000,111100,-705610,-150000,-270000,-420000,000000,110000,000"
---
data: "-417610,-148000,-623000,-930000,-410000,-450000,111100,-535610,-701000,270000,-120000,520000,840000,0000"
---
data: "-855610,-148000,-092000,-620000,-540000,-040000,111100,-954610,-552000,841000,-700000,530000,920000,0000"
---
data: "-226610,-987000,-681000,-250000,-420000,-730000,111100,-554610,-781000,040000,-620000,730000,730000,0000"
---
data: "-646610,-718000,-032000,-450000,-830000,-440000,111100,-324610,-171000,-880000,-630000,-100000,450000,00"
---
data: "-036610,-908000,-681000,-120000,-410000,-160000,111100,-764610,-722000,480000,-210000,040000,320000,0000"
---
data: "-055610,-567000,-033000,-040000,-710000,-340000,111100,-195610,-151000,860000,-330000,520000,240000,0000"
---
data: "-495610,-777000,-433000,-120000,000000,-340000,111100,-554610,-971000,002000,-310000,520000,230000,00000"
---
data: "-266610,-378000,-641000,-240000,-540000,-520000,111100,-305610,-990000,021000,500000,920000,050000,00000"
---
data: "-246610,-357000,-243000,-700000,-230000,-550000,111100,-155610,-190000,251000,-800000,620000,010000,0000"
---
data: "-036610,-907000,-642000,-930000,-730000,-350000,111100,-384610,-741000,-020000,-200000,130000,410000,000"
---
data: "-206610,-586000,-851000,-410000,-420000,-450000,111100,-934610,-531000,-020000,600000,430000,240000,0000"
---
data: "-286610,-587000,-261000,-710000,-430000,-340000,111100,-363610,-932000,-420000,400000,-120000,220000,000"
---
data: "-455610,-737000,-453000,-430000,-200000,-430000,111100,-515610,-911000,670000,-300000,220000,720000,0000"
---
data: "-895610,-108000,-622000,-210000,-030000,-140000,111100,-305610,-132000,460000,-800000,420000,430000,0000"
---
data: "-665610,-317000,-871000,-020000,-500000,-650000,111100,-724610,-361000,-880000,-410000,240000,320000,000"
---
data: "-475610,-168000,-872000,-750000,-310000,-640000,111100,-174610,-321000,-820000,-020000,-600000,650000,00"
---
data: "-036610,-167000,-491000,-620000,-430000,-240000,111100,-784610,-781000,210000,-610000,830000,310000,0000"
---
data: "-495610,-757000,-892000,-430000,-310000,-850000,111100,-974610,-171000,611000,-610000,210000,810000,0000"
---
data: "-436610,-337000,-072000,-030000,-430000,-250000,111100,-305610,-381000,460000,-600000,120000,420000,0000"
---
data: "-246610,-907000,-241000,-030000,-210000,-340000,111100,-174610,-952000,401000,400000,120000,130000,00000"
---
data: "-285610,-566000,-413000,-230000,-410000,-560000,111100,-935610,-112000,-022000,100000,210000,040000,0000"
---
data: "-816610,-797000,-833000,-240000,-430000,-940000,111100,-535610,-512000,-230000,-120000,120000,920000,000"
---
data: "-494610,-377000,-011000,-620000,-510000,-920000,111100,-194610,-551000,820000,220000,400000,510000,00000"
---
data: "-836610,-909000,-870000,-100000,-300000,-360000,111100,-745610,-150000,-400000,910000,800000,120000,0000"
---
data: "-095610,-528000,-832000,-140000,-340000,-930000,111100,-593610,-302000,000000,-800000,110000,420000,0000"
---
data: "-626610,-187000,-603000,-720000,-810000,-050000,111100,-594610,-381000,631000,-720000,330000,640000,0000"
---
data: "-645610,-167000,-603000,-740000,000000,-840000,111100,-955610,-130000,-400000,-940000,940000,630000,0000"
---
data: "-895610,-797000,-473000,-170000,-330000,-550000,111100,-724610,-912000,-860000,-700000,220000,940000,000"
---
data: "-435610,-109000,-661000,-410000,-530000,-840000,111100,-705610,-341000,690000,-920000,330000,440000,0000"
---
data: "-494610,-166000,-262000,-650000,-420000,-440000,111100,-304610,-302000,840000,-520000,910000,330000,0000"
---
data: "-285610,-587000,-032000,-050000,-910000,-240000,111100,-725610,-572000,-631000,-730000,130000,620000,000"
---
data: "-646610,-357000,-072000,-900000,-320000,-940000,111100,-745610,-170000,-820000,000000,210000,650000,0000"
---
data: "-685610,-508000,-491000,-720000,-920000,-750000,111100,-304610,-191000,000000,-600000,200000,160000,0000"
---
data: "-625610,-147000,-471000,-010000,-630000,-930000,111100,-514610,-341000,290000,-430000,440000,010000,0000"
---
data: "-895610,-398000,-451000,-640000,-430000,-430000,111100,-704610,-302000,-610000,-400000,330000,270000,000"
---
data: "-815610,-967000,-604000,-320000,-610000,-050000,111100,-345610,-190000,040000,-120000,410000,440000,0000"
---
data: "-436610,-908000,-832000,-550000,-320000,-940000,111100,-535610,100000,-400000,010000,920000,840000,00000"
---
data: "-665610,-797000,-092000,-720000,-220000,-250000,111100,-194610,-151000,-020000,-610000,320000,810000,000"
---
data: "-455610,-358000,-051000,-840000,-410000,-040000,111100,-574610,-931000,801000,-620000,310000,450000,0000"
---
data: "-495610,-738000,-663000,-130000,-630000,-240000,111100,-914610,-380000,060000,-710000,710000,720000,0000"
---
data: "-816610,-107000,-091000,-510000,-030000,-630000,111100,-305610,-380000,-440000,-110000,730000,330000,000"
---
data: "-055610,-778000,-873000,-440000,-620000,-150000,111100,-345610,-171000,610000,-120000,120000,340000,0000"
---
data: "-265610,-357000,-873000,-620000,-430000,-930000,111100,-994610,-761000,440000,-300000,510000,830000,0000"
---
data: "-416610,-967000,-202000,-100000,-720000,-350000,111100,-514610,-742000,400000,-510000,100000,430000,0000"
---
data: "-856610,-337000,-872000,-040000,-910000,-740000,111100,-994610,-972000,270000,-110000,910000,230000,0000"
---
data: "-646610,-107000,-262000,-030000,-420000,-060000,111100,-764610,-191000,231000,-420000,700000,800000,0000"
---
data: "-836610,-128000,-813000,-530000,-310000,-440000,111100,-135610,-722000,-820000,-020000,530000,620000,000"
---
data: "-606610,-587000,-053000,-830000,-620000,-150000,111100,-954610,-171000,880000,800000,420000,830000,00000"
---
data: "-816610,-567000,-411000,-340000,-800000,-350000,111100,-115610,-991000,-420000,-420000,020000,930000,000"
---
data: "-206610,-377000,-242000,-120000,-640000,-750000,111100,-594610,-702000,-880000,-610000,140000,230000,000"
---
data: "-416610,-776000,-490000,-850000,-840000,-150000,111100,-914610,-781000,670000,-130000,650000,250000,0000"
---
data: "-685610,-547000,-032000,-820000,-300000,-850000,111100,-134610,-511000,-290000,-020000,050000,600000,000"
---
data: "-285610,-757000,-452000,-230000,-800000,-460000,111100,-974610,-702000,-211000,-430000,710000,030000,000"
---
data: "-095610,-717000,-471000,-220000,-210000,-350000,111100,-954610,-971000,040000,-620000,210000,020000,0000"
---
data: "-055610,-718000,-622000,-510000,-830000,-440000,111100,-934610,-112000,-211000,-800000,310000,440000,000"
---
data: "-435610,-566000,-642000,-130000,-350000,-450000,111100,-515610,-591000,820000,-120000,530000,530000,0000"
---
data: "-206610,-377000,-603000,-920000,-210000,-050000,111100,-995610,-740000,-840000,-220000,820000,020000,000"
---
data: "-875610,-108000,-622000,-420000,-530000,-030000,111100,-174610,-951000,-040000,310000,330000,430000,0000"
---
data: "-836610,-547000,-813000,-900000,-510000,-640000,111100,-514610,-781000,000000,-610000,410000,500000,0000"
---
data: "-835610,-108000,-852000,-820000,-430000,-630000,111100,-954610,-761000,-270000,-010000,050000,710000,000"
---
data: "-036610,-777000,-052000,-420000,-220000,-940000,111100,-575610,-131000,020000,-320000,820000,720000,0000"
---
data: "-496610,-967000,-453000,-840000,-310000,-840000,111100,-744610,-321000,040000,-800000,030000,620000,0000"
---
data: "-036610,-108000,-453000,-620000,-510000,-630000,111100,-784610,-951000,-690000,-400000,810000,310000,000"
---
data: "-095610,-528000,-093000,-540000,-820000,-640000,111100,-594610,-741000,230000,-020000,110000,330000,0000"
---
data: "-035610,-797000,-242000,-610000,-530000,-940000,111100,-115610,-511000,-400000,-220000,400000,610000,000"
---
data: "-456610,-757000,-831000,-820000,-220000,-850000,111100,-155610,-742000,-610000,-440000,540000,740000,000"
---
data: "-646610,-797000,-012000,-830000,-120000,-630000,111100,-595610,-970000,690000,-320000,520000,320000,0000"
---
data: "-665610,-737000,-052000,-420000,-130000,-130000,111100,-785610,-722000,610000,-220000,-300000,720000,000"
---
data: "-435610,-947000,-832000,-820000,-610000,-030000,111100,-955610,-780000,-860000,000000,520000,460000,0000"
---
data: "-836610,-127000,-622000,-410000,-430000,-540000,111100,-194610,-171000,630000,000000,930000,120000,00000"
---
data: "-435610,-587000,-203000,-920000,-220000,-150000,111100,-135610,-132000,041000,310000,010000,140000,00000"
---
data: "-285610,-737000,-072000,-820000,-110000,-050000,111100,-514610,-911000,290000,600000,530000,130000,00000"
---
data: "-836610,-567000,-072000,-330000,-330000,-550000,111100,-724610,-591000,650000,-530000,-100000,900000,000"
---
data: "-435610,-548000,-472000,-030000,-240000,-940000,111100,-134610,-761000,-840000,-220000,700000,050000,000"
---
data: "-645610,-318000,-281000,-420000,-510000,-530000,111100,-114610,-780000,670000,-210000,800000,810000,0000"
---
data: "-665610,-948000,-491000,-930000,-410000,-820000,111100,-325610,-302000,820000,-910000,630000,140000,0000"
---
data: "-076610,-948000,-892000,-140000,-710000,-740000,111100,-345610,-971000,-610000,-300000,640000,020000,000"
---
data: "-226610,-317000,-490000,-420000,-040000,-220000,111100,-344610,-132000,-840000,-320000,400000,320000,000"
---
data: "-895610,-548000,-852000,-230000,-110000,-640000,111100,-305610,-971000,-001000,-320000,600000,260000,000"
---
data: "-286610,-927000,-413000,-410000,-330000,-930000,111100,-154610,-131000,-421000,-710000,840000,620000,000"
---
data: "-666610,-928000,-033000,-720000,-930000,-240000,111100,-744610,-191000,860000,-230000,310000,120000,0000"
---
data: "-285610,-908000,-813000,-520000,-140000,-340000,111100,-535610,-721000,-020000,700000,930000,020000,0000"
---
data: "-416610,-717000,-602000,-940000,-740000,-530000,111100,-194610,-702000,610000,-610000,910000,140000,0000"
---
data: "-226610,-738000,-052000,-520000,-110000,-250000,111100,-995610,-761000,841000,-720000,730000,830000,0000"
---
data: "-455610,-718000,-872000,-540000,-640000,-250000,111100,-974610,-952000,820000,-730000,510000,830000,0000"
---
data: "-285610,-947000,-873000,-800000,-820000,-430000,111100,-593610,-381000,-210000,-020000,040000,620000,000"
---
data: "-036610,-357000,-222000,-610000,-800000,-230000,111100,-194610,-591000,-230000,-910000,520000,720000,000"
---
data: "-854610,-548000,-622000,-440000,-450000,-030000,111100,-534610,-512000,860000,-100000,140000,230000,0000"
---
data: "-205610,-908000,-472000,-710000,-510000,-250000,111100,-384610,-912000,840000,-300000,400000,850000,0000"
---
data: "-666610,-947000,-242000,-520000,-030000,-750000,111100,-785610,-190000,020000,-820000,630000,820000,0000"
---
data: "-076610,-967000,-642000,-710000,-630000,-760000,111100,-994610,-590000,880000,-900000,630000,430000,0000"
---
data: "-285610,-988000,-092000,-240000,-030000,-050000,111100,-975610,-172000,-040000,-610000,810000,630000,000"
---
data: "-816610,-907000,-893000,-320000,-800000,-820000,111100,-553610,-741000,611000,-110000,700000,150000,0000"
---
data: "-606610,-718000,-642000,-130000,-800000,-450000,111100,-784610,-591000,021000,-800000,620000,930000,0000"
---
data: "-076610,-988000,-852000,-160000,-010000,-040000,111100,-575610,-322000,040000,-330000,130000,610000,0000"
---
data: "-895610,-397000,-872000,000000,-520000,-450000,111100,-555610,-151000,-290000,-540000,020000,830000,0000"
---
data: "-095610,-337000,-032000,-730000,-400000,-450000,111100,-154610,-192000,690000,-810000,720000,230000,0000"
---
data: "-606610,-186000,-033000,-830000,-420000,-470000,111100,-364610,-911000,-630000,500000,720000,030000,0000"
---
data: "-495610,-108000,-241000,-301000,-700000,-330000,111100,-915610,-722000,-630000,800000,850000,620000,0000"
---
data: "-895610,-566000,-412000,530000,-030000,-240000,111100,-995610,-171000,210000,900000,-600000,330000,00000"
---
data: "-606610,-967000,-241000,-120000,-910000,-940000,111100,-174610,-991000,-690000,-520000,030000,720000,000"
---
data: "-816610,-528000,-492000,-220000,-640000,-940000,111100,-744610,-302000,000000,-930000,330000,820000,0000"
---
data: "-475610,-357000,-032000,-220000,-630000,-160000,111100,-535610,-112000,820000,-420000,940000,200000,0000"
---
data: "-207610,-338000,-414000,-930000,-810000,-630000,111100,-705610,-761000,060000,400000,630000,910000,00000"
---
data: "-855610,-967000,-412000,-410000,-820000,-360000,111100,-385610,-530000,-210000,-040000,310000,150000,000"
---
data: "-036610,-987000,-222000,-230000,-110000,-050000,111100,-784610,-361000,690000,-520000,340000,530000,0000"
---
data: "-035610,-756000,-222000,-070000,-740000,-850000,111100,-594610,-741000,860000,-700000,010000,260000,0000"
---
data: "-205610,-507000,-202000,-200000,-420000,-830000,111100,-154610,-970000,-020000,-410000,830000,620000,000"
---
data: "-645610,-928000,-431000,-630000,-100000,-330000,111100,-705610,-551000,231000,700000,900000,250000,00000"
---
data: "-016610,-547000,-621000,-810000,-030000,-830000,111100,-765610,-722000,-611000,-320000,420000,330000,000"
---
data: "-815610,-567000,-412000,-630000,-920000,-750000,111100,-135610,-950000,460000,-840000,610000,930000,0000"
---
data: "-016610,-318000,-851000,-540000,-230000,-160000,111100,-305610,-171000,690000,500000,720000,220000,00000"
---
data: "-606610,-777000,-052000,-810000,-710000,-050000,111100,-344610,-112000,-040000,-910000,410000,920000,000"
---
data: "-266610,-187000,-261000,-020000,-540000,-240000,111100,-174610,-301000,-420000,-610000,600000,330000,000"
---
data: "-476610,-508000,-033000,-130000,-510000,-360000,111100,-934610,-301000,-230000,-900000,120000,720000,000"
---
data: "-226610,-987000,-850000,-120000,-810000,-630000,111100,-175610,-551000,610000,-500000,110000,440000,0000"
---
data: "-016610,-147000,-222000,-200000,-210000,-740000,111100,-914610,-550000,251000,-010000,430000,630000,0000"
---
data: "-666610,-587000,-832000,-360000,-620000,-050000,111100,-764610,-970000,400000,-510000,800000,950000,0000"
---
data: "-285610,-947000,-852000,-420000,-100000,-040000,111100,-994610,-381000,020000,-500000,910000,220000,0000"
---
data: "-606610,-148000,-872000,-230000,-330000,-540000,111100,-705610,-321000,610000,-610000,910000,140000,0000"
---
data: "-416610,-338000,-053000,-920000,-210000,-140000,111100,-574610,-321000,401000,200000,930000,230000,00000"
---
data: "-606610,-908000,-012000,-130000,-330000,-240000,111100,-115610,-971000,840000,-320000,220000,930000,0000"
---
data: "-056610,-966000,-832000,-240000,-820000,-060000,111100,-955610,-170000,880000,-510000,130000,320000,0000"
---
data: "-436610,-128000,-242000,-130000,-310000,-740000,111100,-155610,-512000,-250000,-020000,-400000,630000,00"
---
data: "-075610,-986000,-641000,-610000,-410000,-340000,111100,-745610,-381000,-820000,-110000,910000,430000,000"
---
data: "-286610,-737000,-602000,-500000,-220000,-750000,111100,-993610,-531000,841000,-320000,520000,330000,0000"
---
data: "-475610,-777000,-641000,-320000,-730000,-820000,111100,-725610,-972000,250000,-510000,130000,030000,0000"
---
data: "-666610,-967000,-891000,-920000,-710000,-450000,111100,-364610,-112000,860000,-320000,440000,130000,0000"
---
data: "-495610,-508000,-282000,-730000,-920000,-640000,111100,-955610,-761000,-610000,-700000,920000,840000,000"
---
data: "-646610,-967000,-282000,-810000,-840000,-920000,111100,-915610,-591000,-460000,-420000,340000,940000,000"
---
data: "-285610,-586000,-623000,-820000,-520000,-340000,111100,-384610,-321000,611000,-520000,030000,420000,0000"
---
data: "-056610,-797000,-891000,-430000,-600000,-740000,111100,-554610,-781000,-421000,-610000,720000,340000,000"
---
data: "-076610,-357000,-602000,-530000,-030000,-640000,111100,-725610,-511000,020000,610000,530000,240000,00000"
---
data: "-036610,-717000,-492000,-620000,-700000,-340000,111100,-155610,-171000,-400000,-420000,630000,710000,000"
---
data: "-685610,-777000,-873000,-220000,-210000,-440000,111100,-345610,-932000,480000,-710000,330000,750000,0000"
---
data: "-455610,-718000,-603000,-240000,-810000,-720000,111100,-155610,-191000,630000,-130000,430000,140000,0000"
---
data: "-606610,-547000,-282000,-230000,-030000,-640000,111100,-325610,-721000,021000,-600000,130000,430000,0000"
---
data: "-816610,-527000,-012000,-940000,-220000,-040000,111100,-974610,-951000,631000,-100000,640000,750000,0000"
---
data: "-626610,-796000,-452000,-640000,810000,-940000,111100,-384610,-301000,420000,-620000,140000,420000,00000"
---
data: "-016610,-928000,-452000,-220000,-710000,-060000,111100,-726610,-762000,440000,000000,710000,940000,00000"
---
data: "-855610,-167000,-452000,-140000,-430000,-460000,111100,-174610,-931000,400000,200000,810000,920000,00000"
---
data: "-476610,-148000,-092000,-230000,-710000,-130000,111100,-154610,-591000,-231000,-900000,340000,930000,000"
---
data: "-095610,-147000,-431000,-340000,-340000,-150000,111100,-574610,-931000,-400000,200000,640000,430000,0000"
---
data: "-416610,-528000,-072000,-820000,500000,-530000,111100,-954610,-151000,230000,-710000,-800000,530000,0000"
---
data: "-665610,-757000,-433000,-920000,-520000,-070000,111100,-763610,-762000,-270000,-200000,320000,520000,000"
---
data: "-836610,-777000,-203000,-230000,-520000,-150000,111100,-724610,-991000,020000,-400000,140000,860000,0000"
---
data: "-666610,-988000,-833000,-600000,920000,-040000,111100,-764610,-571000,-610000,700000,930000,510000,00000"
---
data: "-875610,-928000,-890000,-510000,-120000,-940000,111100,-745610,-741000,020000,-800000,130000,130000,0000"
---
data: "-226610,-128000,-661000,-420000,-520000,-440000,111100,-305610,-322000,480000,010000,230000,570000,00000"
---
data: "-206610,-187000,-662000,-520000,-120000,-430000,111100,-345610,-762000,-250000,-600000,520000,130000,000"
---
data: "-206610,-927000,-051000,-430000,-120000,-640000,111100,-593610,-321000,-420000,720000,320000,560000,0000"
---
data: "-627610,-776000,-813000,-501000,800000,-150000,111100,-765610,-511000,080000,-320000,810000,910000,00000"
---
data: "-666610,-908000,-872000,-940000,-940000,-940000,111100,-955610,-951000,-231000,-240000,920000,810000,000"
---
data: "-015610,-567000,-053000,-240000,-640000,-730000,111100,-305610,-781000,420000,-620000,820000,800000,0000"
---
data: "-685610,-967000,-832000,700000,-320000,-750000,111100,-325610,-991000,230000,410000,020000,610000,000000"
---
data: "-626610,-757000,-602000,-691000,-890000,-540000,111100,-305610,-722000,-211000,-501000,040000,410000,000"
---
data: "-097810,990000,437000,-759200,509200,670000,111100,-365410,-780000,651200,770100,-011000,-835100,0000000"
---
data: "-668610,-711100,-664000,-426000,890100,663000,111100,-532610,-939000,210100,-065000,160000,541000,000000"
---
data: "-472610,-336000,-281000,069000,731000,-890000,111100,-306610,102000,-843000,000000,-320000,710000,000000"
---
data: "-872710,-920100,-200100,-391100,-351000,380000,111100,-936610,-135000,441000,210000,470000,960000,000000"
---
data: "-455610,-330100,072000,434000,-001000,-150000,111100,-594610,500000,-272000,-461000,270000,640000,000000"
---
data: "-666610,-927000,-281000,-211000,-780000,-430000,111100,-954610,-111000,460000,150000,930000,-930000,0000"
---
data: "-495610,-567000,-870000,401000,-280000,-570000,111100,-535610,-341000,-271000,-750000,130000,010000,0000"
---
data: "-016610,-338000,-282000,-032000,110000,-130000,111100,-345610,-952000,651000,880000,950000,930000,000000"
---
data: "-225610,-167000,-432000,221000,-480000,-280000,111100,-725610,-912000,-610000,-580000,400000,900000,0000"
---
data: "-036610,-777000,-604000,-191000,-840000,-710000,111100,-364610,-552000,000000,730000,780000,720000,00000"
---
data: "-243610,-926000,-012000,332000,-390000,-010000,111100,-915610,-721000,460000,720000,-440000,790000,00000"
---
data: "-625610,-909000,-642000,893000,211000,-900000,111100,-307610,-592000,801000,597200,694000,-993000,000000"
---
data: "-457610,-375000,-453000,121000,-240000,-411000,111100,-785610,-532000,-692000,-621000,331000,030000,0000"
---
data: "-095610,-148000,-872000,170000,610000,-870000,111100,-344610,-990000,840000,740000,301000,660000,0000000"
---
data: "-095610,-397000,-072000,-830000,-300000,-270000,111100,-935610,-300000,460000,-050000,300000,430000,0000"
---
data: "-495610,-547000,-892000,-761000,-571000,-811000,111100,-384610,330000,841000,-202000,-400000,-760000,000"
---
data: "-666610,-147000,-811000,-061000,-580000,-820000,111100,-725610,-551000,861000,-220000,390000,910000,0000"
---
data: "-246610,-107000,-281000,-060000,-170000,-640000,111100,-534610,390000,420000,-501000,-010000,640000,0000"
---
data: "-836610,-508000,-411000,-963000,-551000,-820000,111100,-995610,-740000,230000,-621000,160000,630000,0000"
---
data: "-265610,-908000,-472000,651000,-921000,-390000,111100,-974610,-340000,800000,403000,-102000,551000,00000"
---
data: "-890810,-730100,-870000,-157000,-809000,-123000,111100,-150610,-958200,486400,841200,-983000,-237000,000"
---
data: "-495610,-524100,-039000,-101000,092000,-530000,111100,-594610,565000,272100,-226000,-601000,112000,00000"
---
data: "-875610,-391000,-011000,-820000,-962000,-482000,111100,-386610,-786000,-464000,176000,-574000,251000,000"
---
data: "-453610,-398000,-221000,-335000,-872000,-141000,111100,-724610,736000,087000,-537000,774000,000000,00000"
---
data: "-416610,-188000,-473000,-721000,-803000,-350000,111100,-977610,-742000,462000,-601000,-111000,720000,000"
---
data: "-667610,-731000,830100,485000,-922000,650000,111100,-910710,142100,-802200,-116000,-511000,927000,000000"
---
data: "-017610,-565000,-243000,855000,-871000,600000,111100,-761710,-154000,-447000,894000,-414000,-523000,0000"
---
data: "-894610,-731100,-411000,-895000,412000,340000,111100,-515610,580000,216000,071000,-120000,730000,0000000"
---
data: "-093610,-738000,-242000,981000,-140000,-320000,111100,-936610,-970000,-481000,-662000,110000,462000,0000"
---
data: "-438610,-528000,-434000,-171000,210000,-420000,111100,-136610,-532000,-631000,683000,-430000,-321000,000"
---
data: "-816610,-330100,-452000,-253000,210000,-730000,111100,-954610,710000,063000,-712000,240000,570000,000000"
---
data: "-832610,-501000,-241000,-712000,543000,391000,111100,-727610,-383000,-482000,175100,761000,-860000,00000"
---
data: "-815610,-351000,-811000,763200,000000,-221000,111100,-744610,-910000,-481000,919400,702100,-693000,00000"
---
data: "-470710,-500100,-492000,343100,-970000,182000,111100,-151710,-933000,630000,580400,-173000,-572000,00000"
---
data: "-223710,-583100,-811000,-587000,-345000,046000,111100,-515610,926000,696000,742100,-122000,860000,000000"
---
data: "-819610,-547000,-206000,-243000,154000,-792000,111100,-155610,143000,-210000,-540200,-473000,754000,0000"
---
data: "-856610,-948000,-202000,-998000,-202000,-760000,111100,-136610,372000,-610000,327000,982000,-251000,0000"
---
data: "-074610,-146000,-053000,831000,733000,430000,111100,-155610,563000,402000,-872000,-681000,470000,0000000"
--